16 0.1383 0.1519 0.1432 0.1802
16 0.1481 0.3667 0.1383 0.2395
16 0.3383 0.3630 0.2074 0.2519
16 0.3444 0.1321 0.1802 0.2198
16 0.5235 0.1247 0.1531 0.2444
16 0.6938 0.1222 0.1481 0.2395
16 0.8580 0.1383 0.2346 0.2568
16 0.8617 0.3667 0.1975 0.2444
16 0.6938 0.3827 0.1284 0.2272
16 0.5432 0.3753 0.1531 0.2370
16 0.5568 0.6037 0.1704 0.2346
16 0.7099 0.6123 0.1358 0.2173
16 0.8815 0.6333 0.1679 0.1605
16 0.8481 0.8642 0.2543 0.2469
16 0.6593 0.8617 0.1580 0.2370
16 0.5012 0.8617 0.1580 0.2519
16 0.3136 0.8617 0.1580 0.2568
16 0.1321 0.8617 0.1457 0.2568
16 0.3580 0.6025 0.1877 0.2370
16 0.1469 0.5988 0.1704 0.2741
